5.604806137322297932e-01
6.930031719156353187e-01
-1.743932464716621888e+00
1.301029989192488800e+00
1.277722831964110961e+00
8.145146942522448752e-01
6.677937262733576462e-01
8.086853767009813954e-01
8.050437718803332698e-01
9.724770921666777701e-01
1.128377400636758399e+00
5.272259023455030391e-01
5.724493539526809283e-01
7.881437115528912019e-01
1.655870446226500592e-01
3.334988565113068404e-01
-1.743064256689214719e+00
6.786485945755049709e-01
1.406426848735635449e-01
-1.997823080745725344e+00
6.281189758672525159e-01
6.879528072397821381e-01
-1.997823080745725344e+00
-1.997823080745725344e+00
-1.997823080745725344e+00
-1.997823080745725344e+00
-1.997823080745725344e+00
-1.997823080745725344e+00
-1.997823080745725344e+00
-1.997823080745725344e+00
-1.997823080745725344e+00
-1.997823080745725344e+00
-1.997823080745725344e+00
-1.997823080745725344e+00
4.381638663748006479e-01
-1.914641511342887625e+00
1.044005253106346620e+00
5.772046125850534004e-01
5.677081055343264904e-01
-1.997823080745725344e+00
-1.997823080745725344e+00
-1.997823080745725344e+00
-1.919592920909565015e+00
-1.997823080745725344e+00
-1.997823080745725344e+00
-1.997823080745725344e+00
-1.423791379475399355e+00
-1.997823080745725344e+00
-1.997823080745725344e+00
-1.122111831880489685e+00
1.301029989192488800e+00
-1.129057977159645842e+00
-1.163416545669679447e+00
1.015999062915368123e+00
6.697628275015625743e-01
-5.709111977885084066e-01
5.879514515358834625e-01
2.885716859790121158e-01
8.427507197919691384e-01
6.759591045344387483e-01
5.762597161006717261e-01
4.527820120394629444e-01
4.481098678401804203e-01
1.135373489691356541e+00
5.805436738256536389e-01
7.425397127601091052e-01
6.501899364815213467e-01
4.706549688569561241e-01
1.084208585456776675e+00
3.487682616442357442e-01
5.799147409793136143e-01
6.119015950112414171e-01
2.125887435306781648e-01
3.906589076764572233e-01
2.498716875201435761e-01
1.556649081988273065e-01
4.814184766802422910e-01
3.064499178267980281e-03
4.725496361230132614e-01
-2.237566629966000475e-01
-8.917573629154029735e-01
-1.376751139972811622e+00
7.937785327346260633e-01
7.426680758665403781e-01
8.200452067267781364e-02
9.855774427823583705e-01
3.839823512398616856e-01
8.098571309058506529e-01
1.120481631148374735e+00
-1.206647719967513188e+00
9.117674138328126787e-01
-1.927219877542776905e+00
1.301029989192488800e+00
-1.479697094916897493e+00
3.431883918996561089e-01
-6.116575412849138971e-01
-2.089024875805719494e-01
1.151458046091063059e+00
-6.609521937236748634e-01
1.185460945594099424e+00
-1.997823080745725344e+00
8.258854167856430895e-01
2.738649330624551292e-02
5.611038196991897653e-01
3.482752698683226900e-01
3.449666988929128708e-01
6.456766893626583181e-01
1.137866267024858269e+00
1.354625492315056468e+00
5.742368067876291171e-01
-5.157713337284693944e-01
5.864769568806526001e-01
8.645089573143895922e-01
9.299958389856083363e-01
9.571600997628046947e-01
6.340779851552993396e-01
1.301029989192488800e+00
1.046862336707255592e+00
1.301029989192488800e+00
1.015786177372933752e+00
1.024101382188656650e+00
1.117126061362244904e+00
-1.076283449032394701e+00
1.294472159207668838e-01
1.301029989192488800e+00
8.444847781906172912e-01
3.706647571650852901e-01
3.475132002780785268e-01
-4.027956962604661850e-01
1.014116276499724689e+00
-1.995679069881919121e+00
-1.995679069881919121e+00
-1.995679069881919121e+00
-1.995679069881919121e+00
-1.995679069881919121e+00
-1.995679069881919121e+00
-1.995679069881919121e+00
-1.816998587455972203e+00
-1.995679069881919121e+00
-1.995679069881919121e+00
-1.995679069881919121e+00
-1.995679069881919121e+00
-1.995679069881919121e+00
-1.995679069881919121e+00
1.301029989192488800e+00
2.815944078204637990e-01
2.108437310394453701e-01
-8.553577764740943890e-02
8.150868222007537911e-01
1.976820814128812664e-01
3.551012411365224719e-01
7.647970229213739701e-01
-2.716216664976280337e-01
-3.722185727284924028e-01
9.039818605143477015e-01
3.293218162904245627e-01
-2.472490831172268755e-01
-5.569290985369848568e-02
2.490418671018062580e-01
4.157518802690841619e-01
3.388779767223926154e-01
6.764689977161809642e-01
1.120128043221317871e-01
1.437238179826252071e-01
9.138301022893795256e-02
4.784740089221487525e-01
2.551413843710025331e-01
6.699848944610962143e-01
-3.956677101283650327e-03
7.939521807235150330e-01
9.965373771188228424e-01
4.685422808454333676e-01
5.985104375151022449e-01
-3.349704548577391201e-03
4.951719067032853694e-01
7.757056904532796393e-01
6.655347394980150044e-01
7.532896519460655638e-01
5.613457167651300650e-02
5.414170870876435782e-01
-1.997823080745725344e+00
6.056230864184241058e-01
4.052607362048804562e-01
7.957907482925213882e-01
-6.359550021706734946e-02
-1.359993380360084325e+00
-1.884175461974703092e+00
-1.997823080745725344e+00
-1.875677309289085271e+00
1.037822023557673612e+00
1.895366468157538842e-02
9.386746091592945707e-01
6.235600400311709646e-02
6.054784555603475171e-01
1.569692930847433221e+00
-1.419476177250329041e+00
-9.153636493672919761e-01
1.112116552430051808e+00
-1.120474956141619405e+00
-1.266200323138575445e+00
1.170960666444794018e+00
1.132520876364498719e+00
-1.182734169069814767e+00
1.212752919460753365e+00
-1.184802216201856551e+00
8.144499589645322057e-01
9.223782938984836921e-01
4.426435169576499185e-01
-1.750975769422730588e+00
7.106819985847816490e-01
-1.997823080745725344e+00
1.704785438017984767e+00
-1.818553990096086759e-01
-2.747451614284848742e-01
-8.133803539343771316e-01
-1.863728596508991142e-01
-5.801708436160667171e-02
-2.944533193906421209e-01
-3.935639787996835226e-01
-2.005528077592393099e-01
-2.279736339320560246e-01
-3.876772272658555174e-01
4.065524632382768733e-01
-1.997823080745725344e+00
-8.312454384564886833e-01
-4.311906665043439002e-01
5.477447073599865657e-02
-4.516511705441486613e-01
-3.329185875348257273e-01
-4.248292220225166615e-02
4.609333693186081632e-02
-5.245097617335275908e-01
4.003146653248761955e-01
-3.821450704192141945e-02
-4.790391000706790137e-01
4.942849519332152136e-02
-5.204413709190336412e-02
-2.130919780285069620e-01
-5.813535280100272651e-01
-3.440117276431062798e-01
-4.555815755876863049e-01
-2.050620950110370599e-01
-1.896308989586109606e-01
9.483477780250733069e-01
1.183771044713729514e-01
1.341464233114202376e-01
9.848920187083707312e-01
8.887504095455569519e-01
4.097967222263896314e-01
2.816873826795052160e-01
8.851641182019077680e-01
1.012231028310049963e+00
4.685400526514571506e-01
9.715872522875190764e-01
7.673658680384062292e-01
8.209501145123072607e-01
-1.504559636500036657e+00
9.230927622201339222e-01
-2.964210595778862256e-01
-4.139743017318119056e-02
-1.997823080745725344e+00
-1.997823080745725344e+00
-1.997823080745725344e+00
-1.997823080745725344e+00
-1.997823080745725344e+00
-1.997823080745725344e+00
-1.997823080745725344e+00
-1.997823080745725344e+00
-1.997823080745725344e+00
-1.997823080745725344e+00
-1.997823080745725344e+00
-1.997823080745725344e+00
-1.997823080745725344e+00
-1.997823080745725344e+00
-1.997823080745725344e+00
-1.997823080745725344e+00
-1.997823080745725344e+00
-1.997823080745725344e+00
-1.997823080745725344e+00
-1.997823080745725344e+00
-1.997823080745725344e+00
-1.997823080745725344e+00
-1.997823080745725344e+00
-1.997823080745725344e+00
-1.997823080745725344e+00
-1.997823080745725344e+00
-1.997823080745725344e+00
-1.997823080745725344e+00
-1.997823080745725344e+00
-1.997823080745725344e+00
-1.997823080745725344e+00
-1.997823080745725344e+00
7.321443723405367532e-01
-1.997095004509024552e+00
-2.047279735562191616e-01
-4.271896095944976990e-01
3.468019598750446408e-01
2.817656334371339000e-01
2.272518391541994143e-01
3.812509295577541368e-01
-2.137146846837276459e-01
3.382278253865375617e-01
-4.597635530570206575e-01
1.257016462836408444e+00
-6.545746273098476849e-03
-9.161759973596636519e-02
1.445609633895607038e-01
1.670075230612822759e-01
9.369719632786990271e-01
5.402148548695661079e-01
1.177414397565599957e+00
1.128736663133873774e+00
-9.362142352603134432e-01
-1.997823080745725344e+00
-4.632380380105573514e-01
-6.495318875609060010e-03
7.992303395966322555e-01
5.844132657090408411e-01
6.536102805231540636e-01
-1.997823080745725344e+00
4.683075229590853983e-01
7.114139866409757706e-01
1.057684145216778004e+00
-1.997823080745725344e+00
-8.286575373796636335e-01
9.385846729726090576e-01
9.185145527446958447e-01
9.723208137474651513e-01
9.380351880904505002e-01
7.530465398118614262e-01
-4.031948730461695773e-01
-2.262419163302120326e-02
1.433749978461059893e+00
-6.141447243109263709e-01
-1.389929118106542072e+00
4.520798324830511694e-01
-1.684497568067954421e-01
-1.476866477343361739e+00
-1.997823080745725344e+00
-1.997823080745725344e+00
2.585782251754712990e-01
-2.214349413998225810e-02
-3.513337756682459734e-01
9.524526637079863134e-01
9.222678417614369462e-01
7.105737339227128357e-01
1.077284383044081695e+00
9.363559076792957736e-01
8.865950248892870977e-01
8.918694245632643458e-01
7.537990223526853661e-01
1.008565250280190728e+00
7.973808366271513126e-01
9.200636821101545459e-01
9.079314964838983704e-01
1.078920753133083554e+00
1.043186792344330538e+00
8.279543441566142858e-01
9.340878042413165439e-01
8.996432550766532144e-01
9.825657148817419362e-01
1.070801194825367508e+00
9.811322351316735801e-01
9.218833439575917499e-01
4.816550610353016459e-01
5.730924638232111068e-01
-1.997823080745725344e+00
-9.322248179156254755e-02
7.017100865813373500e-02
8.190453163132178638e-01
1.245620172234309209e+00
8.922213701280368170e-01
1.017704162518460409e+00
-8.622796957044609467e-02
-1.997823080745725344e+00
-1.169998123627296271e+00
-2.553286430995936884e-01
-1.527899571118360167e-01
-9.039894982661869638e-02
2.573819647563702961e+00
8.664326061468270446e-01
7.739448940507246411e-01
9.702073888689641823e-01
6.990720479196096404e-01
4.654569424648137277e-01
6.542578307879386434e-01
1.402133735137544468e+00
5.480532308991673540e-01
-7.255327551979415812e-01
3.694708112242202080e-01
-1.575891693454451459e-01
-5.291342058286376826e-01
-1.997823080745725344e+00
-1.997823080745725344e+00
-1.997823080745725344e+00
-1.997823080745725344e+00
-1.997823080745725344e+00
-1.997823080745725344e+00
-1.997823080745725344e+00
-1.997823080745725344e+00
-1.997823080745725344e+00
-1.997823080745725344e+00
-1.997823080745725344e+00
-1.997823080745725344e+00
-1.997823080745725344e+00
-1.997823080745725344e+00
-1.997823080745725344e+00
-1.997823080745725344e+00
-1.997823080745725344e+00
-1.997823080745725344e+00
-1.997823080745725344e+00
-1.997823080745725344e+00
-1.997823080745725344e+00
-1.997823080745725344e+00
-1.997823080745725344e+00
-1.997823080745725344e+00
-1.997823080745725344e+00
-1.997823080745725344e+00
-1.997823080745725344e+00
-1.997823080745725344e+00
-1.997823080745725344e+00
-1.997823080745725344e+00
-1.997823080745725344e+00
-1.997823080745725344e+00
-1.997823080745725344e+00
-1.997823080745725344e+00
-1.997823080745725344e+00
-1.997823080745725344e+00
-1.997823080745725344e+00
-1.997823080745725344e+00
-1.997823080745725344e+00
-1.997823080745725344e+00
-1.997823080745725344e+00
-1.997823080745725344e+00
-1.997823080745725344e+00
-1.997823080745725344e+00
-1.997823080745725344e+00
-1.997823080745725344e+00
-1.997823080745725344e+00
-1.997823080745725344e+00
-1.997823080745725344e+00
-1.997823080745725344e+00
-1.997823080745725344e+00
-1.997823080745725344e+00
-1.997823080745725344e+00
-1.997823080745725344e+00
-1.997823080745725344e+00
-1.997823080745725344e+00
-5.901041376369082353e-02
3.858400429893832362e-01
5.896485070929464722e-01
-1.997823080745725344e+00
-1.997823080745725344e+00
-1.997823080745725344e+00
-1.997823080745725344e+00
-1.997823080745725344e+00
3.988321732107591444e-01
-1.292012006369122057e+00
-7.434907668398256231e-01
-9.547860807729806609e-01
-8.508528686554789333e-01
-5.900102492862266956e-01
-1.484890065697534345e+00
-3.801692896374289088e-01
5.808521370882674395e-01
1.057403926395850347e+00
-1.957483958388735790e+00
1.214290326996160518e-01
1.322076722045306685e-01
7.100147922547759283e-01
6.898345680797125512e-01
5.730359534038946823e-01
4.193000920020290012e-01
1.371612858139418523e-01
-1.997823080745725344e+00
-1.997823080745725344e+00
-1.997823080745725344e+00
-1.997823080745725344e+00
-1.997823080745725344e+00
-1.997823080745725344e+00
-1.997823080745725344e+00
-1.997823080745725344e+00
-1.997823080745725344e+00
-1.997823080745725344e+00
-1.997823080745725344e+00
-1.997823080745725344e+00
-1.997823080745725344e+00
-1.997823080745725344e+00
-1.997823080745725344e+00
-1.997823080745725344e+00
-1.997823080745725344e+00
-1.997823080745725344e+00
-1.997823080745725344e+00
-1.997823080745725344e+00
-1.997823080745725344e+00
-1.997823080745725344e+00
-1.997823080745725344e+00
-1.997823080745725344e+00
-1.997823080745725344e+00
-1.997823080745725344e+00
-1.997823080745725344e+00
-1.997823080745725344e+00
-1.997823080745725344e+00
-1.997823080745725344e+00
-1.997823080745725344e+00
-1.411929729975834436e+00
-1.997823080745725344e+00
-1.997823080745725344e+00
-1.997823080745725344e+00
-1.997823080745725344e+00
-1.997823080745725344e+00
-1.997823080745725344e+00
-1.997823080745725344e+00
1.010315243345422775e+00
-1.854722455304694595e+00
-2.966040847829319316e-01
6.371629825363844812e-01
8.775334830846096557e-01
4.249293670261532485e-01
-1.997823080745725344e+00
-1.997823080745725344e+00
-5.572486544482671555e-02
-1.997823080745725344e+00
-1.200547370069335429e+00
-1.997823080745725344e+00
-1.972125467018045919e+00
-1.842264620581305135e+00
-7.139922302449716596e-02
5.771707781752726668e-02
-2.987592182150414777e-01
-8.210885399661463913e-01
-5.126896953141699687e-01
-1.411615082225532891e+00
-1.997823080745725344e+00
-1.997823080745725344e+00
-1.997823080745725344e+00
-4.380495059275517633e-01
-5.565040685524893505e-01
-1.613877932578474395e-01
-7.728750722712163235e-01
-1.997823080745725344e+00
-1.997823080745725344e+00
-3.757665733406858055e-01
-1.997823080745725344e+00
-1.024449977773013609e+00
9.519179384337391747e-01
-6.516795295337762806e-01
-1.286795118284814521e+00
4.820103096540165888e-01
-2.390602077827294891e-01
-3.791425938071027457e-01
-1.997823080745725344e+00
-1.997823080745725344e+00
-1.997823080745725344e+00
-1.387625725781695074e+00
-1.067125505202324520e+00
-9.763892552455460949e-01
-1.061603482821543931e+00
1.969388971320255310e-01
7.963451141685846946e-02
-5.786737548663021397e-02
4.131884739777156867e-01
1.448701936007904534e-01
2.997679735077226071e-01
-6.783555257880309330e-01
2.067288676490050547e-01
5.126650021644378885e-01
2.658630178949543121e-01
-1.067696616881836091e-01
-3.852489711526250193e-01
-6.515936652760079273e-01
-1.073126967109605312e+00
-5.625380519827796189e-01
-3.265188633576017185e-01
-2.342963477198032052e-01
-1.448849420590161863e+00
-1.633334487674188651e+00
-8.052510790012340491e-01
-9.700963254314783901e-01
-1.997823080745725344e+00
-1.997823080745725344e+00
-1.643439987367040001e+00
-1.997823080745725344e+00
-1.997823080745725344e+00
-1.379062464231021856e+00
-1.704345051824589952e+00
9.951889831390103858e-01
-1.446509762550931832e-01
-1.997823080745725344e+00
1.275909838640188809e+00
5.312011383271073584e-01
-6.215978177709046149e-01
-1.090646348720324621e+00
8.496056522804643629e-01
-9.314732783544038552e-01
-4.776882445737605509e-02
-1.098500019248400905e+00
-1.070342583458876673e+00
-8.064280546815995043e-01
-2.888875154045261739e-01
-1.082577610654901434e+00
-4.493724584146171486e-01
-3.856452938877155123e-01
-2.378670369464293277e-01
-3.445408101927993627e-01
-9.320358044237638806e-01
-1.303659430336551739e-01
-3.576498352486922605e-01
-1.181606190686426833e-01
-1.459808231856184024e+00
1.178127639239919366e+00
7.711515073098680340e-01
8.616692200067641583e-01
8.011326719380198469e-01
1.155211433685274791e+00
1.192009209169722084e+00
9.368514398888294625e-01
1.059493597757442396e-01
1.248503007093599709e-01
4.756916409823506164e-01
-1.606215538602220883e-01
-1.997823080745725344e+00
-1.997823080745725344e+00
-1.997823080745725344e+00
-1.997823080745725344e+00
-1.997823080745725344e+00
-1.997823080745725344e+00
-1.997823080745725344e+00
-1.997823080745725344e+00
-1.997823080745725344e+00
-1.997823080745725344e+00
-1.997823080745725344e+00
-1.997823080745725344e+00
-1.997823080745725344e+00
-1.997823080745725344e+00
-1.997823080745725344e+00
-1.997823080745725344e+00
-1.997823080745725344e+00
-1.997823080745725344e+00
-1.509620316240071425e+00
-1.997823080745725344e+00
-6.942059911126405858e-01
-3.360715339207452912e-01
8.627429263441892537e-01
-1.155005148271868398e+00
-5.423182204821711538e-01
3.921708275643874531e-02
-1.082712134974133322e+00
-7.764331495810785633e-01
-9.811021011097756928e-01
-1.156266983408887228e+00
-4.898217697887196076e-01
-4.003727255235092763e-01
4.749638000100998014e-01
5.133394633326391343e-01
-1.411792276293459547e-01
-1.997823080745725344e+00
1.075549782906568330e+00
7.857981076022030331e-01
6.423439300802370466e-01
1.187911889167409668e-01
2.436989140271171861e-01
-5.086195185942727903e-01
-1.485667200469082544e-02
1.921506933772597348e-01
1.153569660073142100e-01
1.136866580792890297e-01
7.663860070324701734e-02
1.283747226896042315e-01
-7.303419139059303955e-01
-6.391649793281142244e-01
8.374284389149260210e-01
2.261972610521009452e-01
-1.907786971285021504e+00
-1.997823080745725344e+00
-1.997823080745725344e+00
-1.368213698877014384e+00
7.764968387377645387e-01
1.207693140135605026e+00
5.956140963538985034e-01
1.860546861153684617e-01
5.890824140395387598e-01
2.201736201520362174e-02
-1.045219793634939442e+00
3.302794182358043673e-01
-3.176198429689260916e-01
-4.128049575078108352e-02
6.089925487031407902e-01
7.998077620884717909e-02
8.278282699113019838e-01
8.536263765302449791e-01
5.082114263697122825e-01
6.723378151943292247e-01
6.343539512859661667e-01
6.710763100484354871e-01
6.091809983934225459e-01
8.178000727902957623e-01
1.287677172880806076e+00
1.222138253096907823e+00
8.691221907135908697e-01
5.625549133823409820e-01
-5.691030090322867635e-02
3.122666654215573989e-01
5.602477167577566419e-01
-9.258911174110169284e-01
-1.903314924911444217e-01
1.102601960031477812e+00
4.774694271971006293e-02
9.240958103895799969e-01
-5.325244939080564510e-01
-3.550270596268138013e-01
6.632897524711625081e-01
5.717472873163098601e-01
6.911049177388632891e-01
-2.804831507419047049e-02
4.010383554071169643e-01
3.706373347084557929e-02
7.755053526781057194e-01
8.077947573183503760e-01
6.501846563951371172e-01
-5.879169889651423286e-01
-4.353785117246452563e-01
2.420370207416406849e-01
5.997161842303164875e-02
-5.243754427601888812e-01
2.199321290386906935e-01
9.267170694864843572e-01
3.721412129845197425e-01
9.695802658077506964e-01
-1.989357823144095039e-01
5.028474200459409627e-01
8.834909316546513125e-01
6.504361213126734764e-01
6.262175813552467440e-01
-1.021021318627755026e+00
-1.061945139021371665e+00
-1.435799072522831121e+00
-2.612266475703626800e-01
-1.997823080745725344e+00
-1.997823080745725344e+00
-1.997823080745725344e+00
-1.997823080745725344e+00
-1.997823080745725344e+00
-1.997823080745725344e+00
-1.862425045840784721e+00
-1.997823080745725344e+00
-1.997823080745725344e+00
-9.540850575798388578e-01
-1.555797440325484837e+00
9.048371843199790598e-01
-1.840439620367119167e+00
-1.496911560445091993e+00
-6.535497097410422618e-02
5.404144641937806970e-01
-1.518123703075138886e+00
-8.081993864429051211e-01
-1.396892042332997352e+00
-5.383774823551161770e-01
2.699593380916444629e-01
-1.997823080745725344e+00
-1.997823080745725344e+00
-3.229570580001724367e-01
-1.338771427533563596e+00
-1.749387882407443806e-01
-1.532014726062352006e+00
-1.838547146804654364e+00
-1.997823080745725344e+00
-1.997823080745725344e+00
-1.997823080745725344e+00
-1.997823080745725344e+00
-1.333478602104278155e+00
-1.997823080745725344e+00
-1.360264951037302383e+00
-1.997823080745725344e+00
-1.997823080745725344e+00
-1.054843382947518560e+00
-1.881050868430059086e+00
-1.665428426076370205e-01
-7.916258030493108500e-01
5.082386241188222020e-02
-2.780557522944737681e-01
-1.579758326075191954e+00
-9.262414585094179698e-01
3.720537549779713848e-01
-1.997823080745725344e+00
-1.819208828167858227e+00
-1.997823080745725344e+00
-1.159937875516317884e+00
-9.757413221005944992e-01
-1.708335910771924260e+00
-1.453606080556745006e+00
-6.292043126146202869e-01
-1.883424826729967139e+00
-1.884286203946590188e+00
-1.593745179677234169e+00
-1.511006980658000876e+00
-1.785637352843009840e+00
-1.709685929253672132e+00
-1.997823080745725344e+00
-1.997823080745725344e+00
-4.642808974460888721e-02
-1.997823080745725344e+00
4.991083232182202956e-02
-1.119710660904653654e+00
-9.248244548869465342e-01
-4.698132311306882913e-01
-1.730512870230420663e+00
-1.444575168071077664e+00
-1.521760152773348418e+00
-1.997823080745725344e+00
-1.654201371751473637e+00
-1.831469726235037898e+00
-1.997823080745725344e+00
-1.997823080745725344e+00
-1.345347297113582030e+00
-1.548278219644334097e+00
6.913299011477003209e-01
-5.275789969918500688e-01
-1.242629254884369594e+00
-1.997823080745725344e+00
-1.997823080745725344e+00
-8.537830693596415443e-01
-7.290418430189254950e-01
9.611817085420640977e-03
6.208856539391083285e-01
-1.638665081859747019e-02
2.831451458097761220e-01
2.789728324314363905e-01
6.022409299248772108e-01
-8.697870467719510668e-01
-4.424256110436071143e-01
-3.593788246721862922e-01
-9.603657034937492787e-01
-7.328898774334764443e-01
-8.465653808762600985e-01
-5.799957547842404804e-01
4.166240241090092278e-01
6.018949720948727489e-01
6.834218364223449971e-01
5.646525357259000177e-01
-1.997823080745725344e+00
-1.081379610670589519e+00
-7.613928720979408205e-01
1.162326857563868110e+00
-1.435161566045108472e+00
2.056303943536186563e-01
-6.976356133572079177e-01
-1.997823080745725344e+00
9.197763638607898695e-01
3.356598103722358006e-01
-1.194464585323117722e+00
-4.969338472593339273e-01
-7.507368691010201101e-01
-3.958503613694868695e-01
-1.562655953258134556e+00
-2.549655057047546802e-01
-1.912627731058708369e-01
-4.226724094978269175e-01
-1.936366190257976072e+00
6.032970911841382122e-01
1.356508087441610222e+00
1.682047564238760673e+00
-1.463893160805621596e+00
-7.633069225505283439e-01
-1.612312639994891938e+00
3.253788181168689175e-01
1.852065577091163429e-01
-1.997823080745725344e+00
-1.997823080745725344e+00
-1.524004149398106245e+00
-3.126807193591620848e-01
-1.997823080745725344e+00
-1.997823080745725344e+00
-1.997823080745725344e+00
-1.997823080745725344e+00
-1.977089931390295652e+00
-4.656431348805890602e-01
-9.258831281784536404e-01
-8.329133131569622928e-02
-1.997823080745725344e+00
-1.997823080745725344e+00
6.717980107825063385e-01
-1.487141983550592794e+00
-1.973495629002368856e+00
-1.725353937925645287e+00
-1.997823080745725344e+00
1.548287681863395326e-01
2.974615673667718174e-01
-4.127364760295245683e-01
-1.445271416931106223e-01
-1.702902480648980754e+00
-1.068010862234178404e+00
1.423667034483904470e-01
-1.702973264552120725e+00
-7.211499072300929791e-01
-1.791182392968908577e-01
1.670619149878991294e-01
-5.153386841381728256e-02
-4.775317577975162209e-01
-4.593334698006516503e-01
-6.993801168858065909e-01
-6.065937417335104387e-01
6.483022132945952531e-01
6.159002942514191226e-01
3.821342986643999629e-01
5.593399502434108772e-01
-6.683503480308851108e-01
-1.328412086667245973e+00
-9.991739800754272371e-01
-8.621116805480368850e-01
-5.707876235252817843e-01
-9.438127238388633877e-01
-1.402784463089894018e+00
-8.559065846112630105e-01
-3.773980346702123789e-01
-1.997823080745725344e+00
-5.905866187535518952e-01
-1.465664843115417559e+00
-5.301303083963671003e-01
-6.005089825262881487e-01
-3.886592836593589784e-01
-4.471987156122612661e-01
-7.962560992339775545e-01
-1.157632703333732582e+00
-8.340480084458451460e-01
7.740844944663868854e-02
-5.624028508563414519e-01
-7.337331077848970873e-01
-7.115524436748889014e-01
-8.981007024832974306e-01
-4.419934249247490232e-01
-9.273542263441638678e-01
-9.789491722138127239e-01
-1.031623156645115724e+00
-6.096991902291774013e-01
-7.213948492303325910e-01
-7.261116412186036095e-01
-9.128545176195845823e-01
-3.705184391803973964e-01
-4.243976887848399659e-01
-7.296708273707824821e-01
-1.798444629386402704e+00
-8.396411608737593957e-01
-9.965594822804866304e-01
-5.852630976033514898e-01
-1.916696851856801720e+00
-7.951486780872618620e-01
-7.692697244836250725e-01
-1.056275362601942103e+00
9.538676348178173892e-02
-1.053439966960312058e+00
-1.375680437333708372e+00
-6.817739329050740427e-01
-1.272494176685954326e+00
-8.567474340474470207e-01
-1.327151177627906353e+00
-1.262111961433457719e+00
-1.134973487692835903e+00
-4.818378010377701304e-01
-4.405417839828039694e-01
-1.010773804363848116e+00
-9.700755756430817778e-01
-1.290372656730098821e+00
-3.706541797769639657e-01
-1.997823080745725344e+00
-3.664320334962572340e-02
-6.392387710388107713e-01
3.599997299578927001e-01
2.104551297761707018e-01
2.810555951419189125e-01
-9.018962844450927330e-01
-8.056886049790481508e-01
-8.033512277279228897e-01
-7.855037043360658666e-01
-7.035789463835431246e-01
-3.440733606387109123e-01
-4.015014719320058600e-01
-1.006095549301231795e+00
2.078295731605939445e-01
-9.674472009301365860e-01
-5.775335116692262849e-01
-1.997823080745725344e+00
-1.162314235726069400e+00
-1.575212448273555887e+00
-1.803000791574890016e+00
-1.997823080745725344e+00
-1.997823080745725344e+00
-1.997823080745725344e+00
-1.820264190937670445e+00
-1.997823080745725344e+00
-1.681458087916487987e+00
-1.880259628394819416e+00
-1.997823080745725344e+00
-1.441827095581389440e+00
2.152192594090367173e-01
-1.997823080745725344e+00
-1.997823080745725344e+00
-9.210732307235369731e-01
-1.997823080745725344e+00
-1.889642805648694690e+00
-1.345930337055397219e+00
-1.376144390567061393e+00
-1.997823080745725344e+00
-1.997823080745725344e+00
-1.997823080745725344e+00
-1.781585805311639792e+00
-1.997823080745725344e+00
-1.997823080745725344e+00
-1.700654342938599850e+00
-1.950431919710002848e+00
-1.997823080745725344e+00
-1.388557524762392026e+00
-1.997823080745725344e+00
-8.006497918990720386e-01
-1.997823080745725344e+00
-1.997823080745725344e+00
-1.436367815322637576e+00
-1.924073391004689659e+00
-1.561345638209054032e+00
-1.997823080745725344e+00
-1.997823080745725344e+00
-1.997823080745725344e+00
-1.997823080745725344e+00
-1.997823080745725344e+00
-1.997823080745725344e+00
-1.997823080745725344e+00
-1.997823080745725344e+00
-1.997823080745725344e+00
-1.997823080745725344e+00
-1.997823080745725344e+00
-1.997823080745725344e+00
-1.839535344336404643e+00
-1.189293717962052854e+00
-4.449714109345677127e-01
-9.626677974867754450e-01
-8.250550619340017988e-01
-2.991834842940408468e-01
-4.921214386529003670e-01
-1.316601784920480522e+00
-1.155090519120646059e-01
-1.310909852640623763e+00
-2.585944079018370756e-01
-1.695835820482493927e+00
6.438360906522678784e-01
1.323813451520702955e+00
-1.997823080745725344e+00
-1.667681965070432204e+00
4.915195409986614639e-01
-1.964071611763219316e+00
-1.234985049320930006e+00
4.499937329787666029e-01
6.094824757680881167e-01
-1.735786213185920968e+00
-4.708586411892449197e-01
-1.596496940273536280e+00
1.601370163241145617e-01
2.153477604026485526e-01
-1.585966397281904916e+00
5.123907010935336848e-01
-1.784738328453972844e+00
2.634416317407950459e-01
-2.664731152105910272e-01
-2.516917746601032846e-01
-1.689907165343288165e-01
1.380595086227033974e+00
-1.315440730158051741e+00
-1.797843064919861567e+00
7.314049296016180701e-01
-1.111405193548208603e-01
-9.567001974235790351e-01
-5.780855258260478857e-01
-2.223160706611772841e-01
-5.291617239166663822e-01
-6.308152548890196831e-01
-6.079444489028893450e-01
-2.419736181712466572e-01
-9.273431511675395145e-01
-7.864914964305831369e-01
-6.123662397169343796e-01
-1.035324627006657838e+00
-9.399802701231801949e-01
-8.798339775027812504e-01
-6.866555497279017706e-01
-7.074284355454146800e-01
-1.093907932642103287e+00
-6.044410691783683731e-01
-9.700737989710326303e-01
-4.574584349540314898e-01
-3.333894950180612410e-02
5.955719692389871422e-02
-2.980104332217419216e-01
-1.997823080745725344e+00
2.171018894713898084e-01
-1.989720217401160340e+00
4.839265750624488494e-01
-8.425464440002872202e-01
-1.373547473240865902e-01
1.196399224352095725e-01
-3.039765553125173270e-01
-6.774443272907054725e-01
-1.732522579603323065e-01
9.522913163184633378e-02
-1.285746672589600736e+00
-1.915086246906382295e+00
-1.115442891152421900e+00
-1.997823080745725344e+00
-1.997823080745725344e+00
-1.997823080745725344e+00
-1.997823080745725344e+00
-4.660931575082917222e-01
-5.225490081676084086e-01
7.314052377664143068e-01
-1.146124677162915662e+00
-1.374543163101577870e+00
-1.766087752390913312e+00
-1.860593142848109061e+00
-1.997823080745725344e+00
4.261585048031245049e-01
-6.963876027638805644e-01
-3.860427972878436448e-02
-3.073698137623162019e-01
-2.675948863925508014e-01
-1.483615955950055687e+00
-2.619576055025608086e-01
-6.816514017978614337e-01
4.168168199538405672e-01
2.445456204566898717e-01
3.658168163877144607e-01
-1.372100724041016129e+00
-1.120302924867088823e+00
-2.342427136216921613e-01
8.055918901905174696e-04
-8.416177744673999372e-01
-1.394732599920633698e+00
-1.087611742406092930e+00
-1.720952433702881201e+00
-1.997823080745725344e+00
-1.393478998866226615e+00
-1.470328137434320004e+00
-1.543886778524100833e+00
-1.599883810662331152e-01
5.759362376869550104e-01
8.137463456969389330e-01
-1.317141575603990589e+00
6.864958546100172754e-01
-5.203431213116394005e-01
5.423966717633799117e-01
-1.417670505218432631e+00
-1.463755214763235335e+00
-1.997823080745725344e+00
-1.997823080745725344e+00
-1.997823080745725344e+00
-1.997823080745725344e+00
-1.997823080745725344e+00
-1.997823080745725344e+00
-1.997823080745725344e+00
-1.020797684339280087e+00
-1.997823080745725344e+00
-1.997823080745725344e+00
-6.838973722958430201e-02
-1.997823080745725344e+00
-1.997823080745725344e+00
-1.997823080745725344e+00
-1.997823080745725344e+00
-1.997823080745725344e+00
-1.643543167277400352e+00
-1.997823080745725344e+00
-1.997823080745725344e+00
-1.997823080745725344e+00
-1.997823080745725344e+00
-1.964093884488112840e+00
-1.997823080745725344e+00
-1.997823080745725344e+00
-1.997823080745725344e+00
-1.997823080745725344e+00
-1.997823080745725344e+00
-1.997823080745725344e+00
-1.887149822666740251e+00
-1.997823080745725344e+00
-1.997823080745725344e+00
-1.997823080745725344e+00
-1.290309403142837708e+00
-1.273492413559823566e+00
-1.997823080745725344e+00
-1.997823080745725344e+00
-1.383786625606198584e+00
-1.997823080745725344e+00
-1.997823080745725344e+00
-1.997823080745725344e+00
-1.997823080745725344e+00
-1.245514972550326060e+00
-6.792575180101316779e-01
-1.997823080745725344e+00
-1.997823080745725344e+00
-1.201882351690921613e+00
-1.997823080745725344e+00
-1.870117089336507110e+00
-1.997823080745725344e+00
-1.997823080745725344e+00
-1.997823080745725344e+00
-1.598800846667001840e+00
-1.997823080745725344e+00
-1.997823080745725344e+00
-1.691524756754411829e+00
2.514833971429283888e-01
-1.727531268067807657e+00
-2.988699120492849803e-01
-2.872314449725320018e-01
-1.997823080745725344e+00
-1.997823080745725344e+00
-1.997823080745725344e+00
-1.997823080745725344e+00
-1.997823080745725344e+00
-1.997823080745725344e+00
-1.997823080745725344e+00
-1.997823080745725344e+00
-1.997823080745725344e+00
-1.997823080745725344e+00
-1.997823080745725344e+00
-1.997823080745725344e+00
-1.997823080745725344e+00
-1.997823080745725344e+00
-1.997823080745725344e+00
-1.997823080745725344e+00
-1.997823080745725344e+00
-1.997823080745725344e+00
-1.997823080745725344e+00
-1.997823080745725344e+00
-1.997823080745725344e+00
-1.997823080745725344e+00
-1.997823080745725344e+00
-1.997823080745725344e+00
-1.997823080745725344e+00
-1.997823080745725344e+00
-1.997823080745725344e+00
-1.997823080745725344e+00
-1.997823080745725344e+00
-1.997823080745725344e+00
-4.186035389775991655e-01
-1.330312499144554295e+00
6.378451022574579410e-01
-1.997823080745725344e+00
-1.995635194597549900e+00
-1.995635194597549900e+00
-1.411879548211049329e+00
-1.995635194597549900e+00
-1.995635194597549900e+00
-1.995635194597549900e+00
5.252753447471011396e-03
-1.676972813810740481e+00
-7.007528873780065615e-01
2.371634303320892256e-01
3.748221496449656489e-03
-1.489843819490299648e+00
-1.893259189935277975e+00
-1.192550224437069484e-01
-1.997823080745725344e+00
-1.997823080745725344e+00
5.515309776914734119e-01
-1.320267548439161498e+00
-1.997823080745725344e+00
3.014622899722222416e-01
1.154223376390227929e-01
-1.997823080745725344e+00
-1.997823080745725344e+00
-1.995635194597549900e+00
-1.995635194597549900e+00
-1.995635194597549900e+00
-1.995635194597549900e+00
-1.345049109501945450e+00
1.398619603084597651e-01
-1.971830919703527307e+00
-1.614001316039384015e+00
-1.798450833239921387e+00
-1.995635194597549900e+00
-1.995635194597549900e+00
-1.995635194597549900e+00
-1.995635194597549900e+00
-1.995635194597549900e+00
-1.995635194597549900e+00
-1.995635194597549900e+00
-1.995635194597549900e+00
-1.995635194597549900e+00
-1.995635194597549900e+00
-1.995635194597549900e+00
-1.995635194597549900e+00
-1.995635194597549900e+00
-1.679109585336589605e+00
-1.995635194597549900e+00
-1.995635194597549900e+00
-1.355970826771648152e+00
-1.549955260910996779e+00
-1.995635194597549900e+00
3.501356812281545827e-01
-2.707883349037195839e-02
1.078394980834732342e-01
9.521958378129428968e-02
-4.053413072124831262e-01
-1.472902577285579440e-01
7.081655396773497589e-04
2.488655215393213438e-01
-1.997823080745725344e+00
-2.053607142009744591e-01
-1.168626530119209139e+00
5.852714297537074672e-02
-6.706435660247980213e-01
2.856317955211915699e-02
-7.815580915742110779e-01
-1.997823080745725344e+00
-4.393407238265527592e-01
7.553442343335863285e-01
1.595468534703644095e-02
-7.897573243497283402e-01
-1.056454154700676940e+00
-9.074426971619252713e-01
-2.907897510438446909e-01
-3.033879219468954003e-01
-4.911883224030535455e-01
-8.729134311869244378e-01
-4.756535239295003881e-01
-9.078768572466598963e-01
-1.997823080745725344e+00
1.747187262019731513e-01
-1.997823080745725344e+00
-8.109551555226666153e-01
-1.997823080745725344e+00
-1.997823080745725344e+00
3.134843277219646618e-01
2.496858903269492114e-01
-5.033246631699801743e-02
-1.199240283178582889e+00
-9.633152236249273859e-01
-1.159538540288025943e-01
2.264079680101548087e-01
4.796804120011709527e-01
-1.997823080745725344e+00
-1.997823080745725344e+00
-1.997823080745725344e+00
-1.419532917051904874e+00
-1.997823080745725344e+00
-1.940369441857920041e+00
-1.997823080745725344e+00
-7.270772486101735321e-01
-1.997823080745725344e+00
-1.997823080745725344e+00
-1.997823080745725344e+00
-7.452274938420071493e-01
-1.997823080745725344e+00
-1.997823080745725344e+00
-1.997823080745725344e+00
-1.997823080745725344e+00
3.952203115987905080e-01
-1.997823080745725344e+00
-1.573732940864453811e+00
-1.997823080745725344e+00
9.509925559345846491e-01
-1.260164131378357366e+00
-7.230883739798319443e-01
-1.997823080745725344e+00
9.674785112249563446e-02
2.543863513119982156e-01
-1.997823080745725344e+00
-2.502606840546909295e-01
-1.038645476407105139e+00
-3.399962879991684228e-01
-1.049550578627832076e+00
-6.396540395708729676e-01
-1.997823080745725344e+00
-1.997823080745725344e+00
-1.997823080745725344e+00
5.502464166445570903e-01
-1.997823080745725344e+00
-1.997823080745725344e+00
-2.854090968233594650e-01
-1.997823080745725344e+00
-5.955224297188573823e-01
-1.997823080745725344e+00
-1.797286597466154268e+00
-1.633772308014254104e+00
-1.221169810065251271e+00
-1.997823080745725344e+00
-1.081899492362420556e+00
-1.739498620147346131e+00
-1.997823080745725344e+00
-1.484266769608839631e+00
-1.750369145555040529e+00
-1.016831914601544540e+00
-1.997823080745725344e+00
-1.997823080745725344e+00
-1.997823080745725344e+00
-1.900982891426504784e+00
-1.997823080745725344e+00
-1.997823080745725344e+00
-1.997823080745725344e+00
-1.524630393693972685e+00
-1.311803035650793925e+00
-4.560210574016061447e-01
6.321462142887525060e-01
-1.997823080745725344e+00
-1.997823080745725344e+00
-1.997823080745725344e+00
-1.997823080745725344e+00
-1.390229861224201446e+00
4.997564931502482266e-01
-2.632879722165377689e-01
-1.997823080745725344e+00
-1.997823080745725344e+00
-1.997823080745725344e+00
-1.997823080745725344e+00
-1.997823080745725344e+00
-1.997823080745725344e+00
6.819762982663699624e-01
4.749837994481715953e-01
5.411670972343125552e-01
3.536187744233385555e-01
-3.681526651165966113e-01
-5.605137661008695316e-02
-5.683123947851296265e-01
-5.619042184704433618e-01
-9.939268819536142274e-01
-1.997823080745725344e+00
-7.129369481359256744e-01
-6.773783970636744201e-01
-1.997823080745725344e+00
-7.239429004004812596e-01
-1.997823080745725344e+00
-1.997823080745725344e+00
-1.997823080745725344e+00
-1.876549103648376793e+00
-1.997823080745725344e+00
-1.997823080745725344e+00
-1.997823080745725344e+00
-1.997823080745725344e+00
-1.997823080745725344e+00
-1.997823080745725344e+00
-1.997823080745725344e+00
-1.997823080745725344e+00
-1.997823080745725344e+00
-1.997823080745725344e+00
-1.730449278284438508e+00
-1.997823080745725344e+00
-1.997823080745725344e+00
-1.997823080745725344e+00
-1.788890608234623869e+00
-1.997823080745725344e+00
-1.997823080745725344e+00
-1.997823080745725344e+00
-1.997823080745725344e+00
-1.846662663063538989e+00
-1.414599740692745522e+00
-1.997823080745725344e+00
1.507072946454088014e-01
-8.714062799584637933e-03
-1.997823080745725344e+00
-1.997823080745725344e+00
6.087019554299972768e-01
8.196738039493718653e-02
-6.596362144350317314e-01
1.679449488499180076e-01
-1.716592697633286146e+00
-1.997823080745725344e+00
-1.997823080745725344e+00
-2.338811288027791424e-01
-4.795021137477985251e-02
2.822412629234195558e-01
-1.997823080745725344e+00
-5.107198359339661931e-01
-1.984652295216145390e+00
-1.997823080745725344e+00
-7.360460283927683367e-01
-3.352691284664445215e-01
-5.797515364378873493e-01
-1.997823080745725344e+00
-1.997823080745725344e+00
-1.997823080745725344e+00
-1.436781057751936430e+00
-6.600437234052393132e-01
-1.533611126232281130e+00
-1.599762157171789934e+00
-1.604875598139165194e-01
-3.247883362463316326e-01
-1.997823080745725344e+00
-5.311298400943453846e-01
-7.024983594327982583e-01
-1.289996449993311423e+00
-1.997823080745725344e+00
-8.616524744909043187e-01
-1.609064802547635065e+00
-1.524197174641902519e-01
5.457132022250997805e-01
4.896261297965808779e-01
5.871081180537640609e-01
-1.609713167303725712e+00
1.763825782102548256e-01
3.105744185187673256e-01
6.358210478711248115e-01
-1.302691412864291909e+00
-1.997823080745725344e+00
-5.645251551700047887e-01
8.048436285477410523e-01
-1.997823080745725344e+00
5.472535414257253539e-01
7.012000323875160201e-02
-1.747320928839570520e-01
6.790392189517096000e-01
-1.697229342759717596e+00
-6.942785582623566265e-01
-1.997823080745725344e+00
-7.636094890107266719e-01
9.986985208089765864e-01
-1.193808170633155363e+00
5.350347208382105757e-01
5.018993783456595636e-01
-7.656726685138522948e-01
1.290915869368034929e+00
4.006809333819625896e-01
5.501458422559670769e-01
-1.452050487039814319e-01
2.922282698194900163e-02
-2.505172321821235171e-01
-6.679268265247296776e-01
-3.135491181582101827e-01
-1.648180012491754054e+00
-1.471921876635037485e+00
-1.441822658284447556e+00
-8.630313012890922231e-01
-3.480393352878081714e-01
-6.841654899218807540e-01
-7.574182243963096806e-01
5.511940152955060318e-02
-7.967369779133834928e-01
-5.102312128636411481e-01
1.875338692761330806e-01
-3.800672237318373226e-01
3.534212794042336792e-01
6.551515266642942148e-01
-1.202381955131389901e+00
-1.378843453308213007e+00
-1.314844332718298148e+00
-1.997823080745725344e+00
-1.997823080745725344e+00
-1.997823080745725344e+00
-1.857934180375018007e+00
-1.997823080745725344e+00
-6.858920572307732888e-01
-1.397249241888211202e+00
1.575889127197046824e-01
-5.549720402313744749e-01
-1.997823080745725344e+00
-1.997823080745725344e+00
-1.997823080745725344e+00
-1.997823080745725344e+00
-1.997823080745725344e+00
-1.997823080745725344e+00
-1.706892521537140217e+00
-1.997823080745725344e+00
-1.997823080745725344e+00
-1.595884176622005102e+00
-1.997823080745725344e+00
-1.878378389520469982e+00
-1.374973589864127987e+00
1.168277263650573106e-01
-6.307596811528783931e-01
-1.122572297357688154e+00
-7.035721029214020428e-01
3.038546550504912513e-01
-8.169940172184904092e-01
-1.065313614634700201e+00
-1.295810053102247394e+00
-9.262830823580754380e-01
-1.997823080745725344e+00
-1.120501376198580257e+00
-1.499171865101388557e+00
-9.519565054886127697e-01
-1.504056353022166448e+00
-1.284834357594733856e+00
-1.357331425096508282e+00
-1.997823080745725344e+00
-1.294521331866469893e+00
-1.362327342598594448e+00
-1.403402345825169650e+00
-1.168116513593447703e+00
-1.562670372476609337e+00
-1.997823080745725344e+00
-1.997823080745725344e+00
-1.048149162424070191e+00
-1.317925948967089589e+00
-1.997823080745725344e+00
-1.997823080745725344e+00
4.858474361933685093e-01
-1.196753478149344740e+00
-3.803202464618661294e-01
-1.997823080745725344e+00
-1.997823080745725344e+00
-1.997823080745725344e+00
-1.997823080745725344e+00
-1.997823080745725344e+00
-1.997823080745725344e+00
-1.997823080745725344e+00
-1.997823080745725344e+00
-1.997823080745725344e+00
-1.997823080745725344e+00
-1.997823080745725344e+00
-8.999111929650784880e-01
-8.462599373613439724e-01
-1.290234734767035540e+00
-1.997823080745725344e+00
-1.536157398922440409e+00
-1.997823080745725344e+00
-1.997823080745725344e+00
-1.814948833712100029e+00
-5.779150762303640887e-01
-1.997823080745725344e+00
4.443212820345573411e-01
-1.933861796252821730e+00
-2.957057764394357968e-01
-1.115598003568169794e-01
-1.997823080745725344e+00
-1.997823080745725344e+00
-1.997823080745725344e+00
-1.997823080745725344e+00
-1.997823080745725344e+00
-1.826802512346178853e+00
-1.640623438796728895e+00
-1.997823080745725344e+00
-9.049288544032997317e-01
-1.972591232655442006e+00
5.839139551352803270e-01
-1.080873044830675145e+00
-1.997823080745725344e+00
-1.997823080745725344e+00
-1.997823080745725344e+00
-9.723580395032034307e-01
-5.747643024037471515e-02
-1.031543404500770700e-01
-8.003303392367845659e-02
-1.920546078479655749e+00
-1.997823080745725344e+00
-1.568562564454047958e+00
-1.616265789051042123e+00
-1.714157750431588800e+00
-1.997823080745725344e+00
-1.219747134417406453e+00
-1.164746967885481599e+00
-1.997823080745725344e+00
-6.821692131010009819e-02
-1.957161563947016347e-01
-1.362709488648130129e+00
-1.337325322038723119e+00
-1.156614187442909003e+00
-1.335485481163147803e+00
-1.997823080745725344e+00
-1.997823080745725344e+00
4.682020290595546169e-02
-1.611635552091543078e+00
6.734402652066191486e-01
-4.343487720499434879e-01
-7.273349479399159323e-01
-1.997823080745725344e+00
-1.997823080745725344e+00
-1.997823080745725344e+00
-1.198656759974841668e+00
-1.761271936364520396e+00
-6.099298119831999543e-01
-1.997823080745725344e+00
-1.997823080745725344e+00
-1.997823080745725344e+00
-1.997823080745725344e+00
-1.997823080745725344e+00
-1.997823080745725344e+00
-1.914441082865958821e+00
-1.565638677182008109e+00
-8.054063825301920332e-01
-6.088320881352232705e-01
-1.280826021467662779e+00
-1.202852092258344552e+00
-1.338399951606417337e+00
-1.051406894413548399e+00
-1.997823080745725344e+00
1.107534433351523018e-02
1.431947990680079996e-01
-9.542593092693227308e-02
-4.499371935917826915e-01
-5.090409881436654960e-01
-7.819852608303021757e-01
-7.711179378686116026e-01
-7.657176625188578667e-01
-8.911730466871324863e-01
-1.135831641020806249e+00
-1.837974458905131891e+00
1.377455332578962910e-01
-1.997823080745725344e+00
-1.584034744408166384e+00
-4.294268698195564948e-02
-1.997823080745725344e+00
-1.997823080745725344e+00
2.971543293126009955e-01
-2.043869281677555272e-01
-2.537558064668783975e-01
-1.997823080745725344e+00
-1.737243476835774736e+00
-1.997823080745725344e+00
-1.059933149715732270e+00
-1.065133390277710479e+00
-8.737720868324614365e-01
-1.378788511123341554e+00
-1.385770773447584148e+00
-1.046328564802037953e+00
-1.303633727440871803e+00
-1.997823080745725344e+00
-1.997823080745725344e+00
-1.997823080745725344e+00
-1.997823080745725344e+00
-1.997823080745725344e+00
-1.997823080745725344e+00
-1.997823080745725344e+00
-1.997823080745725344e+00
-1.997823080745725344e+00
-1.997823080745725344e+00
-1.259131632212761254e+00
-7.259330087864526160e-01
-2.115575780469703959e-01
-6.015122260311713820e-01
-6.363802849479252011e-01
1.301029995663981254e+00
-4.975122075439201152e-01
-1.588539600291652532e+00
-1.997823080745725344e+00
-1.997823080745725344e+00
-1.997823080745725344e+00
-5.005966442326670318e-01
-1.997823080745725344e+00
-1.997823080745725344e+00
-1.997823080745725344e+00
-1.997823080745725344e+00
-1.997823080745725344e+00
-1.997823080745725344e+00
-1.997823080745725344e+00
-6.587432760557433431e-01
-1.921984677744867087e-01
-1.439789158553680171e+00
-1.026166138560742347e+00
-3.072644490438080078e-01
-1.294281265341098885e+00
-2.124122380405737420e-01
-1.284729830910255055e+00
-2.296665190261530931e+00
-1.997823080745725344e+00
-1.997823080745725344e+00
-1.997823080745725344e+00
-1.997823080745725344e+00
-1.777666973424130159e+00
-1.995766779049974016e+00
-1.997823080745725344e+00
-1.997823080745725344e+00
-1.997823080745725344e+00
-1.527239061449968460e+00
-1.215938549871508734e+00
-1.997823080745725344e+00
-1.997823080745725344e+00
-1.626949278628568640e+00
2.183986413186496112e-01
-1.912079127832349901e+00
-1.947132565671419346e+00
-1.535565158693648069e+00
-1.397051697274073190e+00
-9.451125095586505598e-01
-1.083725324998159767e+00
-1.194261078129427611e+00
-1.305316668231566002e+00
-8.596817552824402853e-01
-1.236455732937255858e+00
-1.475083861278265296e+00
-1.929520712295237139e+00
-1.997823080745725344e+00
-1.997823080745725344e+00
-9.425719607333643557e-01
-1.166544686679186649e+00
-8.779256405919242390e-01
-1.515331991552994806e+00
-1.217552872773626227e+00
-1.380204000966643196e+00
-1.997823080745725344e+00
-1.766814927231823651e+00
1.952490055901294208e-01
-1.997823080745725344e+00
-2.124122380405737420e-01
-1.725627950346095396e+00
-5.727676774748733379e-01
-1.728283062659893066e+00
-1.650512990495425880e+00
-1.111210377818184991e+00
-1.730114230343042792e+00
-1.997823080745725344e+00
-1.997823080745725344e+00
-1.394143431668406707e+00
-1.997823080745725344e+00
-1.997823080745725344e+00
-1.360026434187473487e+00
-1.997823080745725344e+00
-1.997823080745725344e+00
-1.940486108234097173e+00
-1.151141922318434485e+00
-9.192595175789081141e-01
-9.367883154531952972e-01
-1.655970765642550191e+00
-1.666855252373477425e+00
-1.063338673207584462e+00
-5.597753270781309354e-01
-1.887250589679631885e+00
-1.981540645890450980e+00
-8.557393308641108032e-01
-1.238535400116122620e+00
-1.313739528982417637e+00
-1.997823080745725344e+00
-1.986525202087457309e+00
-1.997823080745725344e+00
-1.322761106063054193e+00
-1.995766779049974016e+00
-1.995766779049974016e+00
-1.916050658478854363e+00
-1.577863531445405032e+00
-1.552772251753725241e+00
-1.405996120589184439e+00
-1.304532429199442900e+00
-1.368003618366242735e+00
-1.746462854976327472e+00
-1.697765997432185703e+00
-1.657916005335794196e+00
-1.956650746203626667e+00
-1.522757988101601345e+00
-1.557122875408641471e+00
-8.112000486244771436e-01
-4.710567611089426232e-01
-1.816797962899061814e+00
-1.997823080745725344e+00
-1.997823080745725344e+00
-1.997823080745725344e+00
-1.997823080745725344e+00
-1.997823080745725344e+00
-1.997823080745725344e+00
-1.997823080745725344e+00
-1.847247824621290890e+00
-5.168944693474192276e-01
-3.352159950739969640e-01
-5.847562279675022623e-01
-7.935919369686825764e-01
-5.447904099998628347e-01
-1.995635194597549900e+00
-1.728346190960627915e+00
-8.883656368424288630e-01
-4.215224642811152833e-01
-1.473551530984259061e+00
2.655223064280431977e-01
-7.605576257637463033e-01
-6.788600941912166231e-01
-3.428723183266931818e-01
-1.995679060511622138e+00
-1.822185283108727294e+00
-1.995635194597549900e+00
-1.662734711792980047e+00
-1.772065036838266439e+00
-1.990289271811816807e+00
-2.730516720812726783e-01
-8.961322450906530346e-01
-9.276832944027183503e-01
-1.439725671931792128e+00
-1.997823080745725344e+00
-1.997823080745725344e+00
-1.997823080745725344e+00
-1.997823080745725344e+00
-1.997823080745725344e+00
-1.572953533200044829e+00
-4.340929333993245876e-01
-1.525576398238657205e+00
-1.152792244955762158e+00
-1.259479618425857428e+00
-2.956522959263573336e-01
-1.290926018266168152e+00
-1.083260274695783787e+00
-5.792267784288223087e-01
-2.763317941522322463e-01
-1.604068656668336867e+00
-1.306869270244584325e+00
-1.168047966517086866e+00
-1.337734357171274535e+00
-6.385205585315218979e-01
-5.073680349797552447e-01
-6.633433507835372334e-01
-4.385684089451550305e-01
-1.552530544384562727e+00
-1.995635194597549900e+00
3.318472799247504379e-01
-1.995766779049974016e+00
-1.446285961972439749e+00
-1.894637064826242057e+00
-1.440226261392479223e+00
-5.531996497824989145e-01
-9.651689254145356944e-01
-6.896100470843749553e-02
-3.019247120807862506e-01
1.056805576881836017e-01
-3.358363621641146657e-01
-1.997823080745725344e+00
-1.383537393155574113e+00
-1.591829867853249425e+00
-1.023760734753021984e+00
-1.276525892467691214e+00
-1.239570478219284011e+00
-8.250637589045565212e-01
-4.852488336332438923e-01
-6.255531772465064977e-01
-1.390602977912865024e+00
-1.809619048756364368e+00
-1.418297427162880098e+00
-1.205895870083539156e+00
-1.787998815095063421e+00
-1.739911222838537830e+00
-1.995679060511622138e+00
-1.995679060511622138e+00
-1.734583540156483972e+00
-1.803149211948336328e+00
-1.426828566539217746e+00
-1.760350223705183126e+00
